# name: debug
# type: sparse matrix
# nnz: 5472
# rows: 96
# columns: 96

1 1 65.5770144
2 1 -0.121511746
3 1 -0.349618367
4 1 1.98228064
5 1 4.88447259
6 1 415.547387
7 1 -1.6706841
8 1 -0.0245987696
9 1 0.000779386387
10 1 -0.0246499001
11 1 -1.87634501
12 1 -164.904906
13 1 0.753800632
14 1 0.0159654266
15 1 0.0123886094
16 1 0.922875936
17 1 -0.922341078
18 1 -111.138648
19 1 -0.392235064
20 1 -0.00484620312
21 1 0.028276425
22 1 -0.17371014
23 1 -0.207716128
24 1 -4.86126016
25 1 2.08311628
26 1 0.170202818
27 1 0.121510018
28 1 1.21621377
29 1 -0.749916283
30 1 -40.7548814
31 1 -3.87878882
32 1 -0.102458448
33 1 0.100124421
34 1 -1.3922629
35 1 1.02244408
36 1 -106.862155
37 1 -1.49932788
38 1 0.00720520655
39 1 -0.0468084484
40 1 -1.09377083
41 1 -3.21088464
42 1 69.5926729
49 1 -0.169758162
50 1 -0.0250228474
51 1 -0.026560536
52 1 -0.0894995341
53 1 0.0209465404
54 1 1.13738178
61 1 -1.17857381
62 1 -0.0226233342
63 1 0.0757071986
64 1 -0.508611949
65 1 0.247678784
66 1 -15.7794212
1 2 -0.121511746
2 2 57.7775568
3 2 0.427249244
4 2 -0.105921967
5 2 0.102234445
6 2 9.26317741
7 2 -3.77698818
8 2 -0.055611508
9 2 0.00176199269
10 2 -0.000362939478
11 2 -0.0276268737
12 2 -2.42802203
13 2 -1.84857188
14 2 -0.0391525788
15 2 -0.0303810238
16 2 0.0195464256
17 2 -0.0195350974
18 2 -2.35390613
19 2 -0.41805051
20 2 -0.00516516209
21 2 0.0301374736
22 2 -0.00214625029
23 2 -0.00256640632
24 2 -0.0600625908
25 2 -1.43320062
26 2 -0.117100897
27 2 -0.0835998621
28 2 0.0993717986
29 2 -0.0612725586
30 2 -3.32991284
31 2 1.9798191
32 2 0.0522970448
33 2 -0.0511057062
34 2 -0.036776711
35 2 0.027007924
36 2 -2.82277048
37 2 -6.41381671
38 2 0.0308223937
39 2 -0.200236928
40 2 0.00525625174
41 2 0.0154303054
42 2 -0.334436243
49 2 0.0305852829
50 2 0.00450835977
51 2 0.00478540472
52 2 -0.013192492
53 2 0.00308758106
54 2 0.167653387
61 2 0.482761345
62 2 0.00926685389
63 2 -0.0310107936
64 2 -0.00976306961
65 2 0.00475432246
66 2 -0.302894157
1 3 -0.349618367
2 3 0.427249244
3 3 53.5186617
4 3 -0.153499501
5 3 0.214779631
6 3 -4.06735492
7 3 -164.876581
8 3 -2.42760498
9 3 0.0769161347
10 3 1.14993592e-05
11 3 0.000875328712
12 3 0.0769293484
13 3 -111.140085
14 3 -2.35393656
15 3 -1.82657196
16 3 0.0151673387
17 3 -0.0151585484
18 3 -1.82654835
19 3 -4.83532124
20 3 -0.0597421063
21 3 0.348580764
22 3 0.0125228522
23 3 0.0149743611
24 3 0.350450714
25 3 -40.7364854
26 3 -3.32840978
27 3 -2.37619528
28 3 0.070942827
29 3 -0.0437432811
30 3 -2.37726834
31 3 -106.801851
32 3 -2.82117754
33 3 2.75691047
34 3 0.0359389291
35 3 -0.0263926773
36 3 2.75846713
37 3 69.3668536
38 3 -0.33335104
39 3 2.16560689
40 3 -0.0341471111
41 3 -0.100242602
42 3 2.17265688
49 3 1.13095844
50 3 0.166706567
51 3 0.176950917
52 3 -0.0140031889
53 3 0.00327731719
54 3 0.177955919
61 3 -15.7395536
62 3 -0.302128878
63 3 1.01105039
64 3 0.0326713402
65 3 -0.0159099641
66 3 1.01361134
1 4 1.98228064
2 4 -0.105921967
3 4 -0.153499501
4 4 59.552289
5 4 -0.0520926409
6 4 -0.0773234807
7 4 2.42930337
8 4 -164.834581
9 4 4.96624485
10 4 -0.0246503103
11 4 -0.000181528334
12 4 3.68471564e-06
13 4 2.30364351
14 4 -111.119462
15 4 3.03356719
16 4 0.923092824
17 4 0.00971081343
18 4 0.00766520169
19 4 0.0923895979
20 4 -4.85270536
21 4 0.449888697
22 4 -0.173899446
23 4 -0.0013403396
24 4 0.00621404656
25 4 3.13973763
26 4 -40.7434654
27 4 3.24429248
28 4 1.22059121
29 4 0.0490863169
30 4 0.0364250806
31 4 2.80625262
32 4 -106.905149
33 4 -0.683892753
34 4 -1.39291106
35 4 -0.0182186957
36 4 0.0181476631
37 4 0.129265
38 4 69.3204797
39 4 6.52996985
40 4 -1.09301721
41 4 0.00183865521
42 4 -0.0171786813
49 4 -0.147840865
50 4 1.14874062
51 4 -0.137330356
52 4 -0.0910159899
53 4 -0.00650261227
54 4 -0.00716196518
61 4 0.280221732
62 4 -15.8088751
63 4 -0.361755193
64 4 -0.509405444
65 4 -0.00462714705
66 4 0.0164194676
1 5 4.88447259
2 5 0.102234445
3 5 0.214779631
4 5 -0.0520926409
5 5 57.6248767
6 5 0.108330381
7 5 -0.0037742814
8 5 -4.96683925
9 5 -164.852464
10 5 -1.87637623
11 5 -0.0138178971
12 5 0.000280479749
13 5 1.88980472
14 5 -2.99463121
15 5 -111.128327
16 5 -0.92255784
17 5 -0.00970518547
18 5 -0.00766075928
19 5 -0.343358253
20 5 -0.455332789
21 5 -4.84091542
22 5 -0.207942493
23 5 -0.00160272827
24 5 0.00743052588
25 5 2.62846806
26 5 -3.04583878
27 5 -40.7949431
28 5 -0.752615404
29 5 -0.0302665774
30 5 -0.0224596709
31 5 -2.77574948
32 5 0.611037442
33 5 -106.906387
34 5 1.02292008
35 5 0.0133793679
36 5 -0.0133272033
37 5 -2.19444521
38 5 -6.52268103
39 5 69.2865439
40 5 -3.2086723
41 5 0.0053975747
42 5 -0.0504299093
49 5 -0.195510008
50 5 0.11164864
51 5 1.14439154
52 5 0.0213014529
53 5 0.00152187642
54 5 0.00167619189
61 5 -1.02015731
62 5 0.342984837
63 5 -15.7788328
64 5 0.248065193
65 5 0.00225328201
66 5 -0.00799578891
1 6 415.547387
2 6 9.26317741
3 6 -4.06735492
4 6 -0.0773234807
5 6 0.108330381
6 6 55.5896423
7 6 -0.000116619926
8 6 0.0673438422
9 6 1.87550184
10 6 -164.90765
11 6 -1.21440301
12 6 0.0246503103
13 6 0.00381132064
14 6 -0.907726507
15 6 0.937899052
16 6 -111.164767
17 6 -1.16943853
18 6 -0.923092824
19 6 0.0114942105
20 6 0.191376171
21 6 0.192240716
22 6 -4.86655787
23 6 -0.037509264
24 6 0.173899446
25 6 0.0507268093
26 6 -1.19170531
27 6 0.799619327
28 6 -40.9015675
29 6 -1.64486463
30 6 -1.22059121
31 6 -0.0629869379
32 6 1.41170227
33 6 -0.995483483
34 6 -106.911905
35 6 -1.39836312
36 6 1.39291106
37 6 -0.0991479205
38 6 0.794098079
39 6 3.29805596
40 6 69.5447227
41 6 -0.116986965
42 6 1.09301721
49 6 -0.00927916195
50 6 0.0900168469
51 6 -0.0254988962
52 6 1.15665327
53 6 0.0826367732
54 6 0.0910159899
61 6 -0.0247842136
62 6 0.517055813
63 6 -0.231318803
64 6 -15.804039
65 6 -0.143554831
66 6 0.509405444
1 7 -1.6706841
2 7 -3.77698818
3 7 -164.876581
4 7 2.42930337
5 7 -0.0037742814
6 7 -0.000116619926
7 7 56.3265978
8 7 0.203956469
9 7 -1.49106443
10 7 -3.45253129
11 7 3.29688469
12 7 580.461882
13 7 0.921642639
14 7 0.0117315578
15 7 0.0121791593
16 7 1.83255041
17 7 -1.35355473
18 7 -276.071448
19 7 -0.910685811
20 7 -0.0775984639
21 7 0.29558376
22 7 -0.467339058
23 7 -0.317760736
24 7 -3.04204693
25 7 -0.701881479
26 7 -0.00658393367
27 7 0.366804778
28 7 -0.358068776
29 7 -0.110957914
30 7 -1.46027111
31 7 -0.608618524
32 7 0.0177393599
33 7 0.333125602
34 7 -0.311645276
35 7 -0.124664015
36 7 -1.21203139
37 7 -1.40188319
38 7 -0.00686584228
39 7 0.167714354
40 7 -0.648493695
41 7 0.428655467
42 7 -10.8623696
55 7 -0.0329661355
56 7 -0.0135738837
57 7 -0.000734809769
58 7 -0.0116154951
59 7 0.036709725
60 7 0.406663203
1 8 -0.0245987696
2 8 -0.055611508
3 8 -2.42760498
4 8 -164.834581
5 8 -4.96683925
6 8 0.0673438422
7 8 0.203956469
8 8 57.6815305
9 8 -0.341999485
10 8 0.0825773574
11 8 0.0525127627
12 8 3.79085288
13 8 -2.71889552
14 8 -0.0346087285
15 8 -0.0359291772
16 8 0.0233264717
17 8 -0.017229352
18 8 -3.51410407
19 8 -0.679505531
20 8 -0.0578998649
21 8 0.22054895
22 8 -0.0398214099
23 8 -0.0270760176
24 8 -0.259209231
25 8 -0.23101283
26 8 -0.00216699428
27 8 0.120727804
28 8 -0.00335883071
29 8 -0.00104083035
30 8 -0.0136979368
31 8 -0.247563841
32 8 0.00721572529
33 8 0.135503358
34 8 0.00908350222
35 8 0.003633573
36 8 0.0353269908
37 8 0.854480645
38 8 0.00418489171
39 8 -0.102225828
40 8 -0.00317605308
41 8 0.00209937665
42 8 -0.0531993801
55 8 0.0688456332
56 8 0.0283473512
57 8 0.00153455791
58 8 -0.00478270741
59 8 0.0151153155
60 8 0.167444529
1 9 0.000779386387
2 9 0.00176199269
3 9 0.0769161347
4 9 4.96624485
5 9 -164.852464
6 9 1.87550184
7 9 -1.49106443
8 9 -0.341999485
9 9 64.520522
10 9 -0.803222208
11 9 -0.163057456
12 9 6.73790742
13 9 -276.08526
14 9 -3.51427988
15 9 -3.64836242
16 9 0.0242164613
17 9 -0.0178867144
18 9 -3.6481799
19 9 -2.8834714
20 9 -0.245697198
21 9 0.935896122
22 9 0.151685503
23 9 0.103136463
24 9 0.987365409
25 9 -1.31463831
26 9 -0.0123318419
27 9 0.687032821
28 9 0.187127516
29 9 0.0579868455
30 9 0.763140839
31 9 -1.07255498
32 9 0.0312616821
33 9 0.587059891
