# name: debug
# type: sparse matrix
# nnz: 74556
# rows: 4146
# columns: 4146

1 1 1.99998991
2 1 0.00250633038
3 1 -0.00195252588
4 1 0.194262804
5 1 0.396246573
6 1 200.000707
7 1 -0.999994953
8 1 4.3367868e-19
9 1 -2.1683934e-19
10 1 1.0841967e-17
11 1 9.76624059e-17
12 1 -99.9994953
1 2 0.00250633038
2 2 6.28175537e-06
3 2 -4.89372433e-06
4 2 0.000486891681
5 2 0.000993134848
6 2 0.250637339
7 2 -0.00250634303
8 2 1.08695302e-21
9 2 -5.43476511e-22
10 2 2.71738255e-20
11 2 2.44776725e-19
12 2 -0.250634303
1 3 -0.00195252588
2 3 -4.89372433e-06
3 3 3.8123958e-06
4 3 -0.000379306981
5 3 -0.000773689499
6 3 -0.195255939
7 3 0.00195253574
8 3 -8.46777395e-22
9 3 4.23388697e-22
10 3 -2.11694349e-20
11 3 -1.906903e-19
12 3 0.195253574
1 4 0.194262804
2 4 0.000486891681
3 4 -0.000379306981
4 4 -1.13542682e-06
5 4 0.000554340415
6 4 0.000130059663
7 4 -0.194263784
8 4 8.42484868e-20
9 4 -4.21242434e-20
10 4 -3.16843145e-23
11 4 -2.85406364e-22
12 4 0.000292236221
1 5 0.396246573
2 5 0.000993134848
3 5 -0.000773689499
4 5 0.000554340415
5 5 0.00225793948
6 5 0.286804885
7 5 -0.396248573
8 5 1.71845426e-19
9 5 -8.59227128e-20
10 5 3.10023564e-20
11 5 2.79263414e-19
12 5 -0.285946267
1 6 200.000707
2 6 0.250637339
3 6 -0.195255939
4 6 0.000130059663
5 6 0.286804885
6 6 0.43476307
7 6 -100.001211
8 6 4.33686122e-17
9 6 -2.16843061e-17
10 6 2.35685239e-20
11 6 2.12300844e-19
12 6 -0.217381264
1 7 -0.999994953
2 7 -0.00250634303
3 7 0.00195253574
4 7 -0.194263784
5 7 -0.396248573
6 7 -100.001211
7 7 1.99998828
8 7 0.00300062464
9 7 -0.00164825845
10 7 0.163491603
11 7 0.44549285
12 7 200.000363
13 7 -0.99999414
14 7 1.30103498e-18
15 7 -2.16839164e-19
16 7 1.08419582e-17
17 7 5.64967665e-17
18 7 -99.999414
1 8 4.3367868e-19
2 8 1.08695302e-21
3 8 -8.46777395e-22
4 8 8.42484868e-20
5 8 1.71845426e-19
6 8 4.33686122e-17
7 8 0.00300062464
8 8 9.00385376e-06
9 8 -4.94586289e-06
10 8 0.000490582683
11 8 0.00133677249
12 8 0.30006707
13 8 -0.00300064222
14 8 3.90396338e-21
15 8 -6.50660564e-22
16 8 3.25330282e-20
17 8 1.69527577e-19
18 8 -0.300064222
1 9 -2.1683934e-19
2 9 -5.43476511e-22
3 9 4.23388697e-22
4 9 -4.21242434e-20
5 9 -8.59227128e-20
6 9 -2.16843061e-17
7 9 -0.00164825845
8 9 -4.94586289e-06
9 9 2.71678777e-06
10 9 -0.000269479575
11 9 -0.000734295962
12 9 -0.164828376
13 9 0.00164826811
14 9 -2.14446704e-21
15 9 3.57411173e-22
16 9 -1.78705587e-20
17 9 -9.31223643e-20
18 9 0.164826811
1 10 1.0841967e-17
2 10 2.71738255e-20
3 10 -2.11694349e-20
4 10 -3.16843145e-23
5 10 3.10023564e-20
6 10 2.35685239e-20
7 10 0.163491603
8 10 0.000490582683
9 10 -0.000269479575
10 10 -2.28136118e-06
11 10 0.000562035737
12 10 -0.000360911945
13 10 -0.163492561
14 10 2.12710788e-19
15 10 -3.5451798e-20
16 10 -7.56427069e-23
17 10 -3.94169418e-22
18 10 0.000697680827
1 11 9.76624059e-17
2 11 2.44776725e-19
3 11 -1.906903e-19
4 11 -2.85406364e-22
5 11 2.79263414e-19
6 11 2.12300844e-19
7 11 0.44549285
8 11 0.00133677249
9 11 -0.000734295962
10 11 0.000562035737
11 11 0.00306780447
12 11 0.346568512
13 11 -0.445495461
14 11 5.79608576e-19
15 11 -9.66014294e-20
16 11 3.747596e-20
17 11 1.95284885e-19
18 11 -0.345654722
1 12 -99.9994953
2 12 -0.250634303
3 12 0.195253574
4 12 0.000292236221
5 12 -0.285946267
6 12 -0.217381264
7 12 200.000363
8 12 0.30006707
9 12 -0.164828376
10 12 -0.000360911945
11 12 0.346568512
12 12 0.411958635
13 12 -100.000949
14 12 1.30105496e-16
15 12 -2.16842493e-17
16 12 2.23323404e-20
17 12 1.1637243e-19
18 12 -0.205979484
7 13 -0.99999414
8 13 -0.00300064222
9 13 0.00164826811
10 13 -0.163492561
11 13 -0.445495461
12 13 -100.000949
13 13 1.99999917
14 13 0.000851557002
15 13 -0.000326019496
16 13 0.032363748
17 13 0.277793614
18 13 199.994873
19 13 -0.999999584
20 13 9.7578155e-19
21 13 -2.98155473e-18
22 13 1.49077737e-16
23 13 1.0061159e-17
24 13 -99.9999584
7 14 1.30103498e-18
8 14 3.90396338e-21
9 14 -2.14446704e-21
10 14 2.12710788e-19
11 14 5.79608576e-19
12 14 1.30105496e-16
13 14 0.000851557002
14 14 7.2514993e-07
15 14 -2.77624415e-07
16 14 2.75595991e-05
17 14 0.000236557294
18 14 0.0851514052
19 14 -0.000851557356
20 14 8.30934301e-22
21 14 -2.53896592e-21
22 14 1.26948296e-19
23 14 8.56765755e-21
24 14 -0.0851557356
7 15 -2.16839164e-19
8 15 -6.50660564e-22
9 15 3.57411173e-22
10 15 -3.5451798e-20
11 15 -9.66014294e-20
12 15 -2.16842493e-17
13 15 -0.000326019496
14 15 -2.77624415e-07
15 15 1.062888e-07
16 15 -1.05512216e-05
17 15 -9.05662094e-05
18 15 -0.0326003053
19 15 0.000326019632
20 15 -3.18124074e-22
21 15 9.72045781e-22
22 15 -4.8602289e-20
23 15 -3.28013673e-21
24 15 0.0326019632
7 16 1.08419582e-17
8 16 3.25330282e-20
9 16 -1.78705587e-20
10 16 -7.56427069e-23
11 16 3.747596e-20
12 16 2.23323404e-20
13 16 0.032363748
14 16 2.75595991e-05
15 16 -1.05512216e-05
16 16 -8.94347067e-07
17 16 0.000462727819
18 16 -0.00153459291
19 16 -0.0323637615
20 16 3.15799744e-20
21 16 -9.64943663e-20
22 16 -2.05938428e-21
23 16 -1.389865e-22
24 16 0.00138141581
7 17 5.64967665e-17
8 17 1.69527577e-19
9 17 -9.31223643e-20
10 17 -3.94169418e-22
11 17 1.95284885e-19
12 17 1.1637243e-19
13 17 0.277793614
14 17 0.000236557294
15 17 -9.05662094e-05
16 17 0.000462727819
17 17 0.00779843944
18 17 1.43969381
19 17 -0.27779373
20 17 2.71066109e-19
21 17 -8.28257554e-19
22 17 2.14823153e-18
23 17 1.44982742e-19
24 17 -1.44101372
7 18 -99.999414
8 18 -0.300064222
9 18 0.164826811
10 18 0.000697680827
11 18 -0.345654722
12 18 -0.205979484
13 18 199.994873
14 18 0.0851514052
15 18 -0.0326003053
16 18 -0.00153459291
17 18 1.43969381
18 18 -0.946600737
19 18 -99.9949148
20 18 9.75732334e-17
21 18 -2.98140436e-16
22 18 -7.05604954e-19
23 18 -4.76208173e-20
24 18 0.473313236
13 19 -0.999999584
14 19 -0.000851557356
15 19 0.000326019632
16 19 -0.0323637615
17 19 -0.27779373
18 19 -99.9949148
19 19 1.99999696
20 19 9.84755269e-05
21 19 -0.00173997575
22 19 0.173969094
23 19 0.162985621
24 19 199.992552
25 19 -0.999998481
26 19 1.54498575e-18
27 19 -5.20416252e-18
28 19 2.60208126e-16
29 19 1.86656661e-16
30 19 -99.9998481
13 20 9.7578155e-19
14 20 8.30934301e-22
15 20 -3.18124074e-22
16 20 3.15799744e-20
17 20 2.71066109e-19
18 20 9.75732334e-17
19 20 9.84755269e-05
20 20 9.69745885e-09
21 20 -1.71345549e-07
22 20 1.71317502e-05
23 20 1.60501436e-05
24 20 0.00984684915
25 20 -9.84756764e-05
26 20 1.52143748e-22
27 20 -5.12484203e-22
28 20 2.56242102e-20
29 20 1.83811689e-20
30 20 -0.00984756764
13 21 -2.98155473e-18
14 21 -2.53896592e-21
15 21 9.72045781e-22
16 21 -9.64943663e-20
17 21 -8.28257554e-19
18 21 -2.98140436e-16
19 21 -0.00173997575
20 21 -1.71345549e-07
21 21 3.02752481e-06
22 21 -0.000302702925
23 21 -0.000283591889
24 21 -0.173985144
25 21 0.00173997839
26 21 -2.68824591e-21
27 21 9.0551441e-21
28 21 -4.52757205e-19
29 21 -3.24779051e-19
30 21 0.173997839
13 22 1.49077737e-16
14 22 1.26948296e-19
15 22 -4.8602289e-20
16 22 -2.05938428e-21
17 22 2.14823153e-18
18 22 -7.05604954e-19
19 22 0.173969094
20 22 1.71317502e-05
21 22 -0.000302702925
22 22 -4.40781371e-06
23 22 0.000800626185
24 22 -0.0024879417
25 22 -0.173969358
26 22 2.68780588e-19
27 22 -9.0536619e-19
28 22 -3.2962958e-21
29 22 -2.36455171e-21
30 22 0.0012667901
13 23 1.0061159e-17
14 23 8.56765755e-21
15 23 -3.28013673e-21
16 23 -1.389865e-22
17 23 1.44982742e-19
18 23 -4.76208173e-20
19 23 0.162985621
20 23 1.60501436e-05
21 23 -0.000283591889
22 23 0.000800626185
23 23 0.00148263136
24 23 0.460218917
25 23 -0.162985868
26 23 2.51811226e-19
27 23 -8.48206235e-19
28 23 1.2005091e-18
29 23 8.61168417e-19
30 23 -0.461364252
13 24 -99.9999584
14 24 -0.0851557356
15 24 0.0326019632
16 24 0.00138141581
17 24 -1.44101372
18 24 0.473313236
19 24 199.992552
20 24 0.00984684915
21 24 -0.173985144
22 24 -0.0024879417
23 24 0.460218917
24 24 -1.40382063
25 24 -99.9927039
26 24 1.54487537e-16
27 24 -5.20379073e-16
28 24 -1.82649961e-18
29 24 -1.31021396e-18
30 24 0.701936891
19 25 -0.999998481
20 25 -9.84756764e-05
21 25 0.00173997839
22 25 -0.173969358
23 25 -0.162985868
24 25 -99.9927039
25 25 1.99997116
26 25 0.00131438857
27 25 -0.00520728195
28 25 0.520226455
29 25 0.386254074
30 25 199.99826
31 25 -0.999985578
32 25 1.73469846e-18
33 25 -4.33674614e-18
34 25 2.16837307e-16
35 25 8.08904798e-17
36 25 -99.9985578
19 26 1.54498575e-18
20 26 1.52143748e-22
21 26 -2.68824591e-21
22 26 2.68780588e-19
23 26 2.51811226e-19
24 26 1.54487537e-16
25 26 0.00131438857
26 26 1.72766714e-06
27 26 -6.8445893e-06
28 26 0.000683799428
29 26 0.000507702583
30 26 0.131440362
31 26 -0.00131440752
32 26 2.28013359e-21
33 26 -5.70033397e-21
34 26 2.85016699e-19
35 26 1.06324589e-19
36 26 -0.131440752
19 27 -5.20416252e-18
20 27 -5.12484203e-22
21 27 9.0551441e-21
22 27 -9.0536619e-19
23 27 -8.48206235e-19
24 27 -5.20379073e-16
25 27 -0.00520728195
26 27 -6.8445893e-06
27 27 2.71165675e-05
28 27 -0.00270904397
29 27 -0.00201139189
30 27 -0.520734157
31 27 0.00520735706
32 27 -9.03332453e-21
33 27 2.25833113e-20
34 27 -1.12916557e-18
35 27 -4.21231686e-19
36 27 0.520735706
19 28 2.60208126e-16
20 28 2.56242102e-20
21 28 -4.52757205e-19
22 28 -3.2962958e-21
23 28 1.2005091e-18
24 28 -1.82649961e-18
25 28 0.520226455
26 28 0.000683799428
27 28 -0.00270904397
28 28 8.13340215e-06
29 28 0.000613373487
30 28 0.00171670724
31 28 -0.520233957
32 28 9.02462059e-19
33 28 -2.25615515e-18
34 28 1.69506785e-21
35 28 6.32339763e-22
36 28 -0.000781712068
19 29 1.86656661e-16
20 29 1.83811689e-20
21 29 -3.24779051e-19
22 29 -2.36455171e-21
23 29 8.61168417e-19
24 29 -1.31021396e-18
25 29 0.386254074
26 29 0.000507702583
27 29 -0.00201139189
28 29 0.000613373487
29 29 0.000904979859
30 29 0.118016519
31 29 -0.386259644
32 29 6.70053673e-19
33 29 -1.67513418e-18
34 29 2.5440751e-19
35 29 9.49059266e-20
36 29 -0.117324756
19 30 -99.9998481
20 30 -0.00984756764
21 30 0.173997839
22 30 0.0012667901
23 30 -0.461364252
24 30 0.701936891
25 30 199.99826
26 30 0.131440362
27 30 -0.520734157
28 30 0.00171670724
29 30 0.118016519
30 30 0.359453801
31 30 -99.9997026
32 30 1.73471832e-16
33 30 -4.33679579e-16
34 30 3.89725253e-19
35 30 1.45385788e-19
36 30 -0.17972905
25 31 -0.999985578
26 31 -0.00131440752
27 31 0.00520735706
28 31 -0.520233957
29 31 -0.386259644
30 31 -99.9997026
31 31 1.99998644
32 31 -0.00070918366
33 31 -0.00361275267
34 31 0.361386302
35 31 0.17700158
36 31 199.994633
37 31 -0.999993222
38 31 4.11994033e-18
39 31 -1.30103379e-18
40 31 6.50516895e-17
41 31 1.13946335e-16
42 31 -99.9993222
25 32 1.73469846e-18
26 32 2.28013359e-21
27 32 -9.03332453e-21
28 32 9.02462059e-19
29 32 6.70053673e-19
30 32 1.73471832e-16
31 32 -0.00070918366
32 32 5.02948281e-07
33 32 2.56213989e-06
34 32 -0.000256292734
35 32 -0.00012552833
36 32 -0.0709155209
37 32 0.000709188466
38 32 -2.92183397e-21
39 32 9.22684411e-22
40 32 -4.61342206e-20
41 32 -8.08099742e-20
42 32 0.0709188466
25 33 -4.33674614e-18
26 33 -5.70033397e-21
27 33 2.25833113e-20
28 33 -2.25615515e-18
29 33 -1.67513418e-18
30 33 -4.33679579e-16
31 33 -0.00361275267
32 33 2.56213989e-06
33 33 1.30521588e-05
34 33 -0.00130561703
35 33 -0.000639471599
36 33 -0.361260774
37 33 0.00361277716
38 33 -1.48845272e-20
39 33 4.70037701e-21
40 33 -2.35018851e-19
41 33 -4.11665506e-19
42 33 0.361277716
25 34 2.16837307e-16
26 34 2.85016699e-19
27 34 -1.12916557e-18
28 34 1.69506785e-21
29 34 2.5440751e-19
30 34 3.89725253e-19
31 34 0.361386302
32 34 -0.000256292734
33 34 -0.00130561703
34 34 -5.79336583e-06
35 34 0.00308415494
36 34 -0.00220898586
37 34 -0.361388751
38 34 1.48891018e-18
39 34 -4.70182163e-19
40 34 -5.21414417e-22
41 34 -9.13323885e-22
42 34 0.000801533192
25 35 8.08904798e-17
26 35 1.06324589e-19
27 35 -4.21231686e-19
28 35 6.32339763e-22
29 35 9.49059266e-20
30 35 1.45385788e-19
31 35 0.17700158
32 35 -0.00012552833
33 35 -0.000639471599
34 35 0.00308415494
35 35 0.00294957226
36 35 0.853095028
37 35 -0.177002779
38 35 7.29245832e-19
39 35 -2.30288158e-19
40 35 5.55409343e-19
41 35 9.72870337e-19
42 35 -0.853791168
25 36 -99.9985578
26 36 -0.131440752
27 36 0.520735706
28 36 -0.000781712068
29 36 -0.117324756
30 36 -0.17972905
31 36 199.994633
32 36 -0.0709155209
33 36 -0.361260774
34 36 -0.00220898586
35 36 0.853095028
36 36 -0.778895549
37 36 -99.9953105
38 36 4.11977505e-16
39 36 -1.30098159e-16
40 36 -2.53351021e-19
41 36 -4.43776642e-19
42 36 0.389458454
31 37 -0.999993222
32 37 0.000709188466
33 37 0.00361277716
34 37 -0.361388751
35 37 -0.177002779
36 37 -99.9953105
37 37 1.99998045
38 37 0.00226297068
39 37 -0.00379884359
40 37 0.37929436
41 37 0.269405456
42 37 200.003223
43 37 -0.999990224
44 37 4.77044292e-18
45 37 -3.0357364e-18
46 37 1.5178682e-16
47 37 8.34319296e-17
48 37 -99.9990224
31 38 4.11994033e-18
32 38 -2.92183397e-21
33 38 -1.48845272e-20
34 38 1.48891018e-18
35 38 7.29245832e-19
36 38 4.11977505e-16
37 38 0.00226297068
38 38 5.12113641e-06
39 38 -8.59683973e-06
40 38 0.000858348798
41 38 0.000609668568
42 38 0.226308785
43 38 -0.0022629928
44 38 1.07955835e-20
45 38 -6.86991679e-21
46 38 3.43495839e-19
47 38 1.88807702e-19
48 38 -0.22629928
31 39 -1.30103379e-18
32 39 9.22684411e-22
33 39 4.70037701e-21
34 39 -4.70182163e-19
35 39 -2.30288158e-19
36 39 -1.30098159e-16
37 39 -0.00379884359
38 39 -8.59683973e-06
39 39 1.44314948e-05
40 39 -0.00144090812
41 39 -0.0010234492
42 39 -0.379904029
43 39 0.00379888073
44 39 -1.81225208e-20
45 39 1.15325133e-20
46 39 -5.76625663e-19
47 39 -3.16951048e-19
48 39 0.379888073
31 40 6.50516895e-17
32 40 -4.61342206e-20
33 40 -2.35018851e-19
34 40 -5.21414417e-22
35 40 5.55409343e-19
36 40 -2.53351021e-19
37 40 0.37929436
38 40 0.000858348798
39 40 -0.00144090812
40 40 1.28455054e-05
41 40 0.000527442393
42 40 0.00369555646
43 40 -0.379298068
44 40 1.80943748e-18
45 40 -1.15146021e-18
46 40 2.57032816e-21
47 40 1.41281989e-21
48 40 -0.00169336378
31 41 1.13946335e-16
32 41 -8.08099742e-20
33 41 -4.11665506e-19
34 41 -9.13323885e-22
35 41 9.72870337e-19
36 41 -4.43776642e-19
37 41 0.269405456
38 41 0.000609668568
39 41 -0.0010234492
40 41 0.000527442393
41 41 0.000740916198
42 41 0.139281531
43 41 -0.26940809
44 41 1.28520848e-18
45 41 -8.17859942e-19
46 41 2.09256701e-19
47 41 1.15021122e-19
48 41 -0.137860886
31 42 -99.9993222
32 42 0.0709188466
33 42 0.361277716
34 42 0.000801533192
35 42 -0.853791168
36 42 0.389458454
37 42 200.003223
38 42 0.226308785
39 42 -0.379904029
40 42 0.00369555646
41 42 0.139281531
42 42 1.05576187
43 42 -100.0042
44 42 4.77068993e-16
45 42 -3.03589359e-16
46 42 8.01249015e-19
47 42 4.40418683e-19
48 42 -0.527872697
37 43 -0.999990224
38 43 -0.0022629928
39 43 0.00379888073
40 43 -0.379298068
41 43 -0.26940809
42 43 -100.0042
43 43 1.99998958
44 43 0.00122593432
45 43 -0.00298587334
46 43 0.2985617
47 43 0.00549192447
48 43 199.992628
49 43 -0.999994791
50 43 3.68626818e-18
51 43 -6.50517915e-18
52 43 3.25258957e-16
53 43 2.99149303e-16
54 43 -99.9994791
37 44 4.77044292e-18
38 44 1.07955835e-20
39 44 -1.81225208e-20
40 44 1.80943748e-18
41 44 1.28520848e-18
42 44 4.77068993e-16
43 44 0.00122593432
44 44 1.50293061e-06
45 44 -3.66052273e-06
46 44 0.000366020847
47 44 6.73280882e-06
48 44 0.122585671
49 44 -0.0012259407
50 44 4.51916975e-21
51 44 -7.97500544e-21
52 44 3.98750272e-19
53 44 3.66741217e-19
54 44 -0.12259407
37 45 -3.0357364e-18
38 45 -6.86991679e-21
39 45 1.15325133e-20
40 45 -1.15146021e-18
41 45 -8.17859942e-19
42 45 -3.03589359e-16
43 45 -0.00298587334
44 45 -3.66052273e-06
45 45 8.91553248e-06
46 45 -0.000891476708
47 45 -1.63983617e-05
48 45 -0.298568433
49 45 0.00298588889
50 45 -1.10068446e-20
51 45 1.94238434e-20
52 45 -9.71192168e-19
53 45 -8.93231234e-19
54 45 0.298588889
37 46 1.5178682e-16
38 46 3.43495839e-19
39 46 -5.76625663e-19
40 46 2.57032816e-21
41 46 2.09256701e-19
42 46 8.01249015e-19
43 46 0.2985617
44 46 0.000366020847
45 46 -0.000891476708
46 46 -1.36728964e-05
47 46 0.000918446457
48 46 -0.0042020533
49 46 -0.298563255
50 46 1.10058996e-18
51 46 -1.94221758e-18
52 46 -7.44747485e-21
53 46 -6.84964044e-21
54 46 0.00228969437
37 47 8.34319296e-17
38 47 1.88807702e-19
39 47 -3.16951048e-19
40 47 1.41281989e-21
41 47 1.15021122e-19
42 47 4.40418683e-19
43 47 0.00549192447
44 47 6.73280882e-06
45 47 -1.63983617e-05
46 47 0.000918446457
47 47 2.43266806e-05
48 47 0.307604043
49 47 -0.00549195308
50 47 2.02449174e-20
51 47 -3.57263248e-20
52 47 1.00063379e-18
53 47 9.20309479e-19
54 47 -0.307640592
37 48 -99.9990224
38 48 -0.22629928
39 48 0.379888073
40 48 -0.00169336378
41 48 -0.137860886
42 48 -0.527872697
43 48 199.992628
44 48 0.122585671
45 48 -0.298568433
46 48 -0.0042020533
47 48 0.307604043
48 48 -1.28100115
49 48 -99.993149
50 48 3.68603484e-16
51 48 -6.50476736e-16
52 48 -2.08337235e-18
53 48 -1.91613289e-18
54 48 0.640523942
43 49 -0.999994791
44 49 -0.0012259407
45 49 0.00298588889
46 49 -0.298563255
47 49 -0.00549195308
48 49 -99.993149
49 49 1.99999302
50 49 0.00168512555
51 49 -0.00203502333
52 49 0.203312945
53 49 0.112842446
54 49 199.999679
55 49 -0.999996509
56 49 7.80622839e-18
57 49 -6.93886968e-18
58 49 3.46943484e-16
59 49 2.33166181e-16
60 49 -99.9996509
43 50 3.68626818e-18
44 50 4.51916975e-21
45 50 -1.10068446e-20
46 50 1.10058996e-18
47 50 2.02449174e-20
48 50 3.68603484e-16
49 50 0.00168512555
50 50 2.83966795e-06
51 50 -3.42929376e-06
52 50 0.000342610231
53 50 0.000190155017
54 50 0.16851319
55 50 -0.00168513143
56 50 1.31545668e-20
57 50 -1.16929482e-20
58 50 5.84647412e-19
59 50 3.92917032e-19
60 50 -0.168513143
43 51 -6.50517915e-18
44 51 -7.97500544e-21
45 51 1.94238434e-20
46 51 -1.94221758e-18
47 51 -3.57263248e-20
48 51 -6.50476736e-16
49 51 -0.00203502333
50 51 -3.42929376e-06
51 51 4.14134888e-06
52 51 -0.000413749475
53 51 -0.000229638615
54 51 -0.2035031
55 51 0.00203503044
56 51 -1.58859678e-20
57 51 1.41208603e-20
58 51 -7.06043014e-19
59 51 -4.74501931e-19
60 51 0.203503044
43 52 3.25258957e-16
44 52 3.98750272e-19
45 52 -9.71192168e-19
46 52 -7.44747485e-21
47 52 1.00063379e-18
48 52 -2.08337235e-18
49 52 0.203312945
50 52 0.000342610231
51 52 -0.000413749475
52 52 -2.79739347e-06
53 52 0.000901245624
54 52 -0.000628327886
55 52 -0.203313655
56 52 1.58711836e-18
57 52 -1.41077188e-18
58 52 -2.38676641e-21
59 52 -1.60404571e-21
60 52 0.000687938581
43 53 2.99149303e-16
44 53 3.66741217e-19
45 53 -8.93231234e-19
46 53 -6.84964044e-21
47 53 9.20309479e-19
48 53 -1.91613289e-18
49 53 0.112842446
50 53 0.000190155017
51 53 -0.000229638615
52 53 0.000901245624
53 53 0.000981561715
54 53 0.443677167
55 53 -0.11284284
56 53 8.80880059e-19
57 53 -7.83004497e-19
58 53 1.5392037e-18
59 53 1.03443432e-18
60 53 -0.443645261
43 54 -99.9994791
44 54 -0.12259407
45 54 0.298588889
46 54 0.00228969437
47 54 -0.307640592
48 54 0.640523942
49 54 199.999679
50 54 0.16851319
51 54 -0.2035031
52 54 -0.000628327886
53 54 0.443677167
54 54 0.0586372796
55 54 -100.000028
56 54 7.80625781e-16
57 54 -6.93889583e-16
58 54 1.01719586e-19
59 54 6.83614725e-20
60 54 -0.0293186746
49 55 -0.999996509
50 55 -0.00168513143
51 55 0.00203503044
52 55 -0.203313655
53 55 -0.11284284
54 55 -100.000028
55 55 1.99999064
56 55 0.00142358375
57 55 -0.00270842477
58 55 0.270726538
59 55 0.087027739
60 55 200.002
61 55 -0.999995319
62 55 5.20414607e-18
63 55 -4.77046723e-18
64 55 2.38523361e-16
65 55 -6.26801447e-17
66 55 -99.9995319
49 56 7.80622839e-18
50 56 1.31545668e-20
51 56 -1.58859678e-20
52 56 1.58711836e-18
53 56 8.80880059e-19
54 56 7.80625781e-16
55 56 0.00142358375
56 56 2.02660967e-06
57 56 -3.85570559e-06
58 56 0.000385405509
59 56 0.000123892435
60 56 0.142362556
61 56 -0.00142359041
62 56 7.40860714e-21
63 56 -6.79122321e-21
64 56 3.3956116e-19
65 56 -8.92312708e-20
66 56 -0.142359041
49 57 -6.93886968e-18
50 57 -1.16929482e-20
51 57 1.41208603e-20
52 57 -1.41077188e-18
53 57 -7.83004497e-19
54 57 -6.93889583e-16
55 57 -0.00270842477
56 57 -3.85570559e-06
57 57 7.33563341e-06
58 57 -0.000733249326
59 57 -0.000235710291
60 57 -0.27085043
61 57 0.00270843745
62 57 -1.40951701e-20
63 57 1.29205726e-20
64 57 -6.46028628e-19
65 57 1.69766046e-19
66 57 0.270843745
49 58 3.46943484e-16
50 58 5.84647412e-19
51 58 -7.06043014e-19
52 58 -2.38676641e-21
53 58 1.5392037e-18
54 58 1.01719586e-19
55 58 0.270726538
56 58 0.000385405509
57 58 -0.000733249326
58 58 6.70628232e-06
59 58 -0.000873175808
60 58 0.00201710629
61 58 -0.270727805
62 58 1.40891364e-18
63 58 -1.29150417e-18
64 58 2.95434944e-21
65 58 -7.76356032e-22
66 58 -0.00123859382
49 59 2.33166181e-16
50 59 3.92917032e-19
51 59 -4.74501931e-19
52 59 -1.60404571e-21
53 59 1.03443432e-18
54 59 6.83614725e-20
55 59 0.087027739
56 59 0.000123892435
57 59 -0.000235710291
58 59 -0.000873175808
59 59 -0.000572529989
60 59 -0.322690402
61 59 -0.0870281464
62 59 4.52909306e-19
63 59 -4.15166864e-19
64 59 -7.7029567e-19
65 59 2.02421447e-19
66 59 0.322941979
49 60 -99.9996509
50 60 -0.168513143
51 60 0.203503044
52 60 0.000687938581
53 60 -0.443645261
54 60 -0.0293186746
55 60 200.002
56 60 0.142362556
57 60 -0.27085043
58 60 0.00201710629
59 60 -0.322690402
60 60 0.575135264
61 60 -100.002468
62 60 5.20429889e-16
63 60 -4.77060732e-16
64 60 6.85912123e-19
65 60 -1.80246794e-19
66 60 -0.287564668
55 61 -0.999995319
56 61 -0.00142359041
57 61 0.00270843745
58 61 -0.270727805
59 61 -0.0870281464
60 61 -100.002468
61 61 1.99999739
62 61 0.000736285262
63 61 -0.00143883337
64 61 0.143886972
65 61 -0.00544067856
66 61 199.999481
67 61 -0.999998694
68 61 4.0115428e-18
69 61 -1.95156136e-18
70 61 9.75780681e-17
71 61 1.46240047e-16
72 61 -99.9998694
55 62 5.20414607e-18
56 62 7.40860714e-21
57 62 -1.40951701e-20
58 62 1.40891364e-18
59 62 4.52909306e-19
60 62 5.20429889e-16
61 62 0.000736285262
62 62 5.42117403e-07
63 62 -1.05939458e-06
64 62 0.000105942134
65 62 -4.00590191e-06
66 62 0.0736283362
67 62 -0.000736286224
68 62 2.95364756e-21
69 62 -1.43690962e-21
70 62 7.18454811e-20
71 62 1.07674673e-19
72 62 -0.0736286224
55 63 -4.77046723e-18
56 63 -6.79122321e-21
57 63 1.29205726e-20
58 63 -1.29150417e-18
59 63 -4.15166864e-19
60 63 -4.77060732e-16
61 63 -0.00143883337
62 63 -1.05939458e-06
63 63 2.07024689e-06
64 63 -0.000207029918
65 63 7.82825035e-06
66 63 -0.143882966
67 63 0.00143883525
68 63 -5.77195674e-21
69 63 2.80797896e-21
70 63 -1.40398948e-19
71 63 -2.10415611e-19
72 63 0.143883525
55 64 2.38523361e-16
56 64 3.3956116e-19
57 64 -6.46028628e-19
58 64 2.95434944e-21
59 64 -7.7029567e-19
60 64 6.85912123e-19
61 64 0.143886972
62 64 0.000105942134
63 64 -0.000207029918
64 64 -9.39428586e-08
65 64 -1.63520291e-05
66 64 -7.36585438e-05
67 64 -0.14388716
68 64 5.77210254e-19
69 64 -2.80804989e-19
70 64 -3.18540036e-23
71 64 -4.77395288e-23
72 64 3.26445918e-05
55 65 -6.26801447e-17
56 65 -8.92312708e-20
57 65 1.69766046e-19
58 65 -7.76356032e-22
59 65 2.02421447e-19
60 65 -1.80246794e-19
61 65 -0.00544067856
62 65 -4.00590191e-06
63 65 7.82825035e-06
64 65 -1.63520291e-05
65 65 1.22382501e-06
66 65 -0.0113641271
67 65 0.00544068567
68 65 -2.18255719e-20
69 65 1.06178458e-20
70 65 -1.10904349e-20
71 65 -1.66212117e-20
72 65 0.0113656897
55 66 -99.9995319
56 66 -0.142359041
57 66 0.270843745
58 66 -0.00123859382
59 66 0.322941979
60 66 -0.287564668
61 66 199.999481
62 66 0.0736283362
63 66 -0.143882966
64 66 -7.36585438e-05
65 66 -0.0113641271
66 66 -0.0570084015
67 66 -99.9996113
68 66 4.01153245e-16
69 66 -1.95155632e-16
70 66 -2.78139532e-20
71 66 -4.16847137e-20
72 66 0.0285042709
61 67 -0.999998694
62 67 -0.000736286224
63 67 0.00143883525
64 67 -0.14388716
65 67 0.00544068567
66 67 -99.9996113
67 67 1.99999899
68 67 0.000738455299
69 67 -0.000678766066
70 67 0.0678430659
71 67 0.0471947564
72 67 200.00183
73 67 -0.999999497
74 67 5.42100814e-18
75 67 -1.14925372e-17
76 67 5.74626862e-16
77 67 1.65833086e-16
78 67 -99.9999497
61 68 4.0115428e-18
62 68 2.95364756e-21
63 68 -5.77195674e-21
64 68 5.77210254e-19
65 68 -2.18255719e-20
66 68 4.01153245e-16
67 68 0.000738455299
68 68 5.45316777e-07
69 68 -5.01238903e-07
70 68 5.00991219e-05
71 68 3.4851253e-05
72 68 0.0738469556
73 68 -0.00073845567
74 68 4.00317621e-21
75 68 -8.48673356e-21
76 68 4.24336678e-19
77 68 1.22460444e-19
78 68 -0.073845567
61 69 -1.95156136e-18
62 69 -1.43690962e-21
63 69 2.80797896e-21
64 69 -2.80804989e-19
65 69 1.06178458e-20
66 69 -1.95155632e-16
67 69 -0.000678766066
68 69 -5.01238903e-07
69 69 4.60723836e-07
70 69 -4.60496173e-05
71 69 -3.20342314e-05
72 69 -0.0678779172
73 69 0.000678766408
74 69 -3.67960007e-21
75 69 7.80075215e-21
76 69 -3.90037607e-19
77 69 -1.12561985e-19
78 69 0.0678766408
61 70 9.75780681e-17
62 70 7.18454811e-20
63 70 -1.40398948e-19
64 70 -3.18540036e-23
65 70 -1.10904349e-20
66 70 -2.78139532e-20
67 70 0.0678430659
68 70 5.00991219e-05
69 70 -4.60496173e-05
70 70 2.96182111e-07
71 70 -8.10120456e-05
72 70 0.000348217229
73 70 -0.0678431
74 70 3.67778182e-19
75 70 -7.79689746e-19
76 70 1.25434289e-21
77 70 3.61994133e-22
78 70 -0.000218288135
61 71 1.46240047e-16
62 71 1.07674673e-19
63 71 -2.10415611e-19
64 71 -4.77395288e-23
65 71 -1.66212117e-20
66 71 -4.16847137e-20
67 71 0.0471947564
68 71 3.4851253e-05
69 71 -3.20342314e-05
70 71 -8.10120456e-05
71 71 -0.000114287988
72 71 -0.119476156
73 71 -0.0471947801
74 71 2.55843416e-19
75 71 -5.42388041e-19
76 71 -6.87062048e-19
77 71 -1.98281053e-19
78 71 0.119566583
61 72 -99.9998694
62 72 -0.0736286224
63 72 0.143883525
64 72 3.26445918e-05
65 72 0.0113656897
66 72 0.0285042709
67 72 200.00183
68 72 0.0738469556
69 72 -0.0678779172
70 72 0.000348217229
71 72 -0.119476156
72 72 0.383031932
73 72 -100.00188
74 72 5.4211128e-16
75 72 -1.14927591e-15
76 72 1.10049258e-18
77 72 3.17594065e-19
78 72 -0.191514199
67 73 -0.999999497
68 73 -0.00073845567
69 73 0.000678766408
70 73 -0.0678431
71 73 -0.0471947801
72 73 -100.00188
73 73 1.99999483
74 73 0.00179326524
75 73 0.00139899978
76 73 -0.139912194
77 73 0.00609337989
78 73 200.000404
79 73 -0.999997413
80 73 1.51787912e-18
81 73 -5.20415697e-18
82 73 2.60207848e-16
83 73 1.17779627e-16
84 73 -99.9997413
67 74 5.42100814e-18
68 74 4.00317621e-21
69 74 -3.67960007e-21
70 74 3.67778182e-19
71 74 2.55843416e-19
72 74 5.4211128e-16
73 74 0.00179326524
74 74 3.21581687e-06
75 74 2.50879065e-06
76 74 -0.000250900972
77 74 1.09271029e-05
78 74 0.179328176
79 74 -0.00179326988
80 74 2.72197394e-21
81 74 -9.33248209e-21
82 74 4.66624104e-19
83 74 2.11211203e-19
84 74 -0.179326988
67 75 -1.14925372e-17
68 75 -8.48673356e-21
69 75 7.80075215e-21
70 75 -7.79689746e-19
71 75 -5.42388041e-19
72 75 -1.14927591e-15
73 75 0.00139899978
74 75 2.50879065e-06
75 75 1.9572105e-06
76 75 -0.00019573814
77 75 8.5246812e-06
78 75 0.139901266
79 75 -0.00139900339
80 75 2.12352353e-21
81 75 -7.2806521e-21
82 75 3.64032605e-19
83 75 1.64774524e-19
84 75 -0.139900339
67 76 5.74626862e-16
68 76 4.24336678e-19
69 76 -3.90037607e-19
70 76 1.25434289e-21
71 76 -6.87062048e-19
72 76 1.10049258e-18
73 76 -0.139912194
74 76 -0.000250900972
75 76 -0.00019573814
76 76 -2.63659934e-06
77 76 0.000818306762
78 76 0.000835700367
79 76 0.139912555
80 76 -2.12370895e-19
81 76 7.28128783e-19
82 76 2.45168317e-21
83 76 1.10972183e-21
84 76 -0.000942199418
67 77 1.65833086e-16
68 77 1.22460444e-19
69 77 -1.12561985e-19
70 77 3.61994133e-22
71 77 -1.98281053e-19
72 77 3.17594065e-19
73 77 0.00609337989
74 77 1.09271029e-05
75 77 8.5246812e-06
76 77 0.000818306762
77 77 -0.000105465006
78 77 -0.584784513
79 77 -0.00609339565
80 77 9.24906193e-21
81 77 -3.17110695e-20
82 77 -1.5216727e-18
83 77 -6.88764939e-19
84 77 0.584789727
67 78 -99.9999497
68 78 -0.073845567
69 78 0.0678766408
70 78 -0.000218288135
71 78 0.119566583
72 78 -0.191514199
73 78 200.000404
74 78 0.179328176
75 78 0.139901266
76 78 0.000835700367
77 78 -0.584784513
78 78 0.152235691
79 78 -100.000663
80 78 1.5178931e-16
81 78 -5.20420491e-16
82 78 1.98064562e-19
83 78 8.96512933e-20
84 78 -0.0761176308
73 79 -0.999997413
74 79 -0.00179326988
75 79 -0.00139900339
76 79 0.139912555
77 79 -0.00609339565
78 79 -100.000663
79 79 1.99999909
80 79 -0.00010197674
81 79 0.000948528984
82 79 -0.0948514297
83 79 0.0226220497
84 79 200.000793
85 79 -0.999999545
86 79 3.71339075e-18
87 79 8.13151259e-18
88 79 -4.0657563e-16
89 79 -1.97603432e-17
90 79 -99.9999545
73 80 1.51787912e-18
74 80 2.72197394e-21
75 80 2.12352353e-21
76 80 -2.12370895e-19
77 80 9.24906193e-21
78 80 1.5178931e-16
79 80 -0.00010197674
80 80 1.0399265e-08
81 80 -9.67279818e-08
82 80 9.6726484e-06
83 80 -2.30692498e-06
84 80 -0.0101977641
85 80 0.000101976787
86 80 -3.78679828e-22
87 80 -8.29225901e-22
88 80 4.14612951e-20
89 80 2.01509722e-21
90 80 0.0101976787
73 81 -5.20415697e-18
74 81 -9.33248209e-21
75 81 -7.2806521e-21
76 81 7.28128783e-19
77 81 -3.17110695e-20
78 81 -5.20420491e-16
79 81 0.000948528984
80 81 -9.67279818e-08
81 81 8.99708053e-07
82 81 -8.99694121e-05
83 81 2.14576893e-05
84 81 0.0948537366
85 81 -0.000948529416
86 81 3.52226196e-21
87 81 7.7129824e-21
88 81 -3.8564912e-19
89 81 -1.87432753e-20
90 81 -0.0948529416
73 82 2.60207848e-16
74 82 4.66624104e-19
75 82 3.64032605e-19
76 82 2.45168317e-21
77 82 -1.5216727e-18
78 82 1.98064562e-19
79 82 -0.0948514297
80 82 9.6726484e-06
81 82 -8.99694121e-05
82 82 1.63152652e-07
83 82 1.847414e-05
84 82 -0.000170019655
85 82 0.0948514728
86 82 -3.52220742e-19
87 82 -7.71286297e-19
88 82 3.49674186e-22
89 82 1.69948256e-23
90 82 8.60046695e-05
73 83 1.17779627e-16
74 83 2.11211203e-19
75 83 1.64774524e-19
76 83 1.10972183e-21
77 83 -6.88764939e-19
78 83 8.96512933e-20
79 83 0.0226220497
80 83 -2.30692498e-06
81 83 2.14576893e-05
82 83 1.847414e-05
83 83 -8.8595346e-06
84 83 -0.0194775563
85 83 -0.02262206
86 83 8.40045864e-20
87 83 1.83951649e-19
88 83 7.92725388e-20
89 83 3.85279506e-21
90 83 0.0194976031
73 84 -99.9997413
74 84 -0.179326988
75 84 -0.139900339
76 84 -0.000942199418
77 84 0.584789727
78 84 -0.0761176308
79 84 200.000793
80 84 -0.0101977641
81 84 0.0948537366
82 84 -0.000170019655
83 84 -0.0194775563
84 84 0.177151405
85 84 -100.000838
86 84 3.71342357e-16
87 84 8.13158445e-16
88 84 -3.60125961e-19
89 84 -1.75028016e-20
90 84 -0.0885753526
79 85 -0.999999545
80 85 0.000101976787
81 85 -0.000948529416
82 85 0.0948514728
83 85 -0.02262206
84 85 -100.000838
85 85 1.99999822
86 85 -0.000171510034
87 85 0.00132439541
88 85 -0.132441389
89 85 -0.0162410241
90 85 199.999114
91 85 -0.999999108
92 85 1.00288612e-18
93 85 7.3725682e-18
94 85 -3.6862841e-16
95 85 1.51054957e-16
96 85 -99.9999108
79 86 3.71339075e-18
80 86 -3.78679828e-22
81 86 3.52226196e-21
82 86 -3.52220742e-19
83 86 8.40045864e-20
84 86 3.71342357e-16
85 86 -0.000171510034
86 86 2.94157442e-08
87 86 -2.27147506e-07
88 86 2.27150677e-05
89 86 2.78550357e-06
90 86 -0.0171508821
91 86 0.000171510187
92 86 -1.72005338e-22
93 86 -1.26447168e-21
94 86 6.32235838e-20
95 86 -2.59074869e-20
96 86 0.0171510187
79 87 8.13151259e-18
80 87 -8.29225901e-22
81 87 7.7129824e-21
82 87 -7.71286297e-19
83 87 1.83951649e-19
84 87 8.13158445e-16
85 87 0.00132439541
86 87 -2.27147506e-07
87 87 1.75402632e-06
88 87 -0.00017540508
89 87 -2.15095761e-05
90 87 0.132438604
91 87 -0.00132439659
92 87 1.32822013e-21
93 87 9.76421286e-21
94 87 -4.88210643e-19
95 87 2.00056847e-19
96 87 -0.132439659
79 88 -4.0657563e-16
80 88 4.14612951e-20
81 88 -3.8564912e-19
82 88 3.49674186e-22
83 88 7.92725388e-20
84 88 -3.60125961e-19
85 88 -0.132441389
86 88 2.27150677e-05
87 88 -0.00017540508
88 88 -2.95059091e-07
89 88 -0.000136823852
90 88 0.000205068592
91 88 0.132441507
92 88 -1.32823867e-19
93 88 -9.76434916e-19
94 88 -4.10622037e-22
95 88 1.68262924e-22
96 88 -0.000111391759
79 89 -1.97603432e-17
80 89 2.01509722e-21
81 89 -1.87432753e-20
82 89 1.69948256e-23
83 89 3.85279506e-21
84 89 -1.75028016e-20
85 89 -0.0162410241
86 89 2.78550357e-06
87 89 -2.15095761e-05
88 89 -0.000136823852
89 89 -3.4619127e-05
90 89 0.103305758
91 89 0.0162410386
92 89 -1.62879266e-20
93 89 -1.19738272e-19
94 89 -3.80772705e-19
95 89 1.56031393e-19
96 89 -0.103294362
79 90 -99.9999545
80 90 0.0101976787
81 90 -0.0948529416
82 90 8.60046695e-05
83 90 0.0194976031
84 90 -0.0885753526
85 90 199.999114
86 90 -0.0171508821
87 90 0.132438604
88 90 0.000205068592
89 90 0.103305758
90 90 -0.141460965
91 90 -99.9992035
92 90 1.00287902e-16
93 90 7.37251605e-16
94 90 2.60734041e-19
95 90 -1.06842468e-19
96 90 0.0707307959
85 91 -0.999999108
86 91 0.000171510187
87 91 -0.00132439659
88 91 0.132441507
89 91 0.0162410386
90 91 -99.9992035
91 91 1.99999973
92 91 -0.000171983326
93 91 0.00049359502
94 91 -0.0493653231
95 91 -0.0375081446
96 91 199.998697
97 91 -0.999999863
98 91 5.42101012e-19
99 91 9.75781822e-18
100 91 -4.87890911e-16
101 91 9.30769968e-17
102 91 -99.9999863
85 92 1.00288612e-18
86 92 -1.72005338e-22
87 92 1.32822013e-21
88 92 -1.32823867e-19
89 92 -1.62879266e-20
90 92 1.00287902e-16
91 92 -0.000171983326
92 92 2.95782726e-08
93 92 -8.48901367e-08
94 92 8.4900148e-06
95 92 6.45077723e-06
96 92 -0.0171981132
97 92 0.00017198335
98 92 -9.32323608e-23
99 92 -1.67818249e-21
100 92 8.39091247e-20
101 92 -1.60076959e-20
102 92 0.017198335
85 93 7.3725682e-18
86 93 -1.26447168e-21
87 93 9.76421286e-21
88 93 -9.76434916e-19
89 93 -1.19738272e-19
90 93 7.37251605e-16
91 93 0.00049359502
92 93 -8.48901367e-08
93 93 2.43636111e-07
94 93 -2.43664843e-05
95 93 -1.85138385e-05
96 93 0.0493588724
97 93 -0.000493595088
98 93 2.67578433e-22
99 93 4.8164118e-21
100 93 -2.4082059e-19
101 93 4.59423547e-20
102 93 -0.0493595088
85 94 -3.6862841e-16
86 94 6.32235838e-20
87 94 -4.88210643e-19
88 94 -4.10622037e-22
89 94 -3.80772705e-19
90 94 2.60734041e-19
91 94 -0.0493653231
92 94 8.4900148e-06
93 94 -2.43664843e-05
94 94 -7.41449644e-08
95 94 -3.56706669e-05
96 94 0.000137785394
97 94 0.0493653299
98 94 -2.6760999e-20
99 94 -4.81697981e-19
100 94 -3.66394635e-22
101 94 6.98986422e-23
102 94 -7.5097645e-05
85 95 1.51054957e-16
86 95 -2.59074869e-20
87 95 2.00056847e-19
88 95 1.68262924e-22
89 95 1.56031393e-19
90 95 -1.06842468e-19
91 95 -0.0375081446
92 95 6.45077723e-06
93 95 -1.85138385e-05
94 95 -3.56706669e-05
95 95 -5.46833445e-05
96 95 0.0722479989
97 95 0.0375081497
98 95 -2.03332087e-20
99 95 -3.65997757e-19
100 95 -3.52259151e-19
101 95 6.72019568e-20
102 95 -0.0722003824
85 96 -99.9999108
86 96 0.0171510187
87 96 -0.132439659
88 96 -0.000111391759
89 96 -0.103294362
90 96 0.0707307959
91 96 199.998697
92 96 -0.0171981132
93 96 0.0493588724
94 96 0.000137785394
95 96 0.0722479989
96 96 -0.253973196
97 96 -99.9987106
98 96 5.42094097e-17
99 96 9.75769374e-16
100 96 6.19560209e-19
101 96 -1.18196101e-19
102 96 0.126987429
91 97 -0.999999863
92 97 0.00017198335
93 97 -0.000493595088
94 97 0.0493653299
95 97 0.0375081497
96 97 -99.9987106
97 97 1.99999658
98 97 -0.00147061058
99 97 0.00111967221
100 97 -0.112137407
101 97 -0.119108149
102 97 199.995214
103 97 -0.999998292
104 97 3.90312115e-18
105 97 9.75780288e-18
106 97 -4.87890144e-16
107 97 2.49419013e-16
108 97 -99.9998292
91 98 5.42101012e-19
92 98 -9.32323608e-23
93 98 2.67578433e-22
94 98 -2.6760999e-20
95 98 -2.03332087e-20
96 98 5.42094097e-17
97 98 -0.00147061058
98 98 2.16270287e-06
99 98 -1.64660742e-06
100 98 0.000164911021
101 98 0.000175162302
102 98 -0.147054523
103 98 0.00147061309
104 98 -5.73999087e-21
105 98 -1.43499772e-20
106 98 7.17498859e-19
107 98 -3.66799493e-19
108 98 0.147061309
91 99 9.75781822e-18
92 99 -1.67818249e-21
93 99 4.8164118e-21
94 99 -4.81697981e-19
95 99 -3.65997757e-19
96 99 9.75769374e-16
97 99 0.00111967221
98 99 -1.64660742e-06
99 99 1.25367013e-06
100 99 -0.000125557567
101 99 -0.000133362539
102 99 0.111962245
103 99 -0.00111967412
104 99 4.3702312e-21
105 99 1.0925578e-20
106 99 -5.462789e-19
107 99 2.79268491e-19
108 99 -0.111967412
91 100 -4.87890911e-16
92 100 8.39091247e-20
93 100 -2.4082059e-19
94 100 -3.66394635e-22
95 100 -3.52259151e-19
96 100 6.19560209e-19
97 100 -0.112137407
98 100 0.000164911021
99 100 -0.000125557567
100 100 -2.632351e-06
101 100 -0.000514285961
102 100 0.00167551505
103 100 0.112137599
104 100 -4.37687381e-19
105 100 -1.09421845e-18
106 100 -5.72614856e-21
107 100 2.92731948e-21
108 100 -0.0011736533
91 101 9.30769968e-17
92 101 -1.60076959e-20
93 101 4.59423547e-20
94 101 6.98986422e-23
95 101 6.72019568e-20
96 101 -1.18196101e-19
97 101 -0.119108149
98 101 0.000175162302
99 101 -0.000133362539
100 101 -0.000514285961
101 101 -0.00111034158
102 101 0.4578584
103 101 0.119108352
104 101 -4.64895124e-19
105 101 -1.16223781e-18
106 101 -2.23125218e-18
107 101 1.14065989e-18
108 101 -0.457325977
91 102 -99.9999863
92 102 0.017198335
93 102 -0.0493595088
94 102 -7.5097645e-05
95 102 -0.0722003824
96 102 0.126987429
97 102 199.995214
98 102 -0.147054523
99 102 0.111962245
100 102 0.00167551505
101 102 0.4578584
102 102 -0.895063675
103 102 -99.9953852
104 102 3.9029477e-16
105 102 9.75736925e-16
106 102 2.18351936e-18
107 102 -1.11625793e-18
108 102 0.447542476
97 103 -0.999998292
98 103 0.00147061309
99 103 -0.00111967412
100 103 0.112137599
101 103 0.119108352
102 103 -99.9953852
103 103 1.99998944
104 103 -0.00270931014
105 103 -0.00179553931
106 103 0.178962184
107 103 -0.214787975
108 103 199.993478
109 103 -0.999994718
110 103 6.50517867e-18
111 103 8.89041085e-18
112 103 -4.44520543e-16
113 103 4.47654548e-16
114 103 -99.9994718
97 104 3.90312115e-18
98 104 -5.73999087e-21
99 104 4.3702312e-21
100 104 -4.37687381e-19
101 104 -4.64895124e-19
102 104 3.9029477e-16
103 104 -0.00270931014
104 104 7.34043899e-06
105 104 4.86472427e-06
106 104 -0.000484869181
107 104 0.000581933386
108 104 -0.270916205
109 104 0.00270932445
110 104 -1.76247327e-20
111 104 -2.40871347e-20
112 104 1.20435674e-18
113 104 -1.21284782e-18
114 104 0.270932445
97 105 9.75780288e-18
98 105 -1.43499772e-20
99 105 1.0925578e-20
100 105 -1.09421845e-18
101 105 -1.16223781e-18
102 105 9.75736925e-16
103 105 -0.00179553931
104 105 4.86472427e-06
105 105 3.22399549e-06
106 105 -0.000321337031
107 105 0.000385664328
108 105 -0.179544117
109 105 0.0017955488
110 105 -1.16804275e-20
111 105 -1.59632509e-20
112 105 7.98162543e-19
113 105 -8.03789832e-19
114 105 0.17955488
97 106 -4.87890144e-16
98 106 7.17498859e-19
99 106 -5.462789e-19
100 106 -5.72614856e-21
101 106 -2.23125218e-18
102 106 2.18351936e-18
103 106 0.178962184
104 106 -0.000484869181
105 106 -0.000321337031
106 106 -2.7723475e-06
107 106 0.000154418339
108 106 -0.00177700669
109 106 -0.178963129
110 106 1.16419328e-18
111 106 1.59106415e-18
112 106 3.44301439e-21
113 106 -3.46728869e-21
114 106 0.000774541527
97 107 2.49419013e-16
98 107 -3.66799493e-19
99 107 2.79268491e-19
100 107 2.92731948e-21
101 107 1.14065989e-18
102 107 -1.11625793e-18
103 107 -0.214787975
104 107 0.000581933386
105 107 0.000385664328
106 107 0.000154418339
107 107 -0.000367380864
108 107 0.0865545274
109 107 0.21478911
110 107 -1.39724892e-18
111 107 -1.90957352e-18
112 107 -3.79407906e-19
113 107 3.82082847e-19
114 107 -0.0853517139
97 108 -99.9998292
98 108 0.147061309
99 108 -0.111967412
100 108 -0.0011736533
101 108 -0.457325977
102 108 0.447542476
103 108 199.993478
104 108 -0.270916205
105 108 -0.179544117
106 108 -0.00177700669
107 108 0.0865545274
108 108 -1.1202712
109 108 -99.9940058
110 108 6.5048231e-16
111 108 8.8899249e-16
112 108 2.49001047e-18
113 108 -2.50756581e-18
114 108 0.560153487
103 109 -0.999994718
104 109 0.00270932445
105 109 0.0017955488
106 109 -0.178963129
107 109 0.21478911
108 109 -99.9940058
109 109 1.99999483
110 109 -0.00225731775
111 109 -0.000279668006
112 109 0.0276097541
113 109 -0.157428168
114 109 199.993478
115 109 -0.999997413
116 109 4.77047722e-18
117 109 1.0354104e-17
118 109 -5.17705198e-16
119 109 2.83432373e-16
120 109 -99.9997413
103 110 6.50517867e-18
104 110 -1.76247327e-20
105 110 -1.16804275e-20
106 110 1.16419328e-18
107 110 -1.39724892e-18
108 110 6.5048231e-16
109 110 -0.00225731775
110 110 5.09550979e-06
111 110 6.3130282e-07
112 110 -6.23243106e-05
113 110 0.000355367238
114 110 -0.225718222
115 110 0.00225732359
116 110 -1.07685386e-20
117 110 -2.33726236e-20
118 110 1.16863118e-18
119 110 -6.39800237e-19
120 110 0.225732359
103 111 8.89041085e-18
104 111 -2.40871347e-20
105 111 -1.59632509e-20
106 111 1.59106415e-18
